Algorithm: GEMM Simple
Result matrix:
1107 1076 1566 1283 1234 1321 1202 1601 1188 1156 1470 1329 1227 1294 1197 1318 1105 1321 1357 1102 1438 1115 1429 1252 1127 1179 1173 1383 1236 1135 1354 1339 1369 1468 1172 1243 1177 1250 1221 1492 1240 1205 1355 1133 1333 1350 1280 1283 1363 1381 1189 1159 1029 1244 1335 1288 1243 1196 1166 1218 1329 1305 1360 1396
973 947 1300 1114 1121 1194 1113 1419 1101 1141 1263 1295 1110 1134 1042 1083 977 1155 1286 1200 1277 1050 1147 1124 1129 957 1347 1118 1119 1048 1223 1233 1246 1306 1105 1235 1107 1254 1153 1268 1149 1025 1231 1028 1212 1149 1125 1096 1018 1278 1021 1191 1001 1169 1337 1256 1034 1070 1136 1065 1223 1275 1152 1140
1178 943 1421 1322 1192 1302 1090 1625 1225 1201 1301 1427 1137 1299 1019 1226 1183 1273 1325 1132 1348 1030 1420 1256 1174 1088 1188 1248 1130 1142 1323 1228 1338 1468 1237 1365 1117 1204 1329 1319 1239 1173 1195 1083 1329 1264 1241 1313 1330 1415 1198 1257 1166 1269 1259 1254 1139 1262 1296 1261 1192 1217 1183 1290
1216 1057 1450 1347 1231 1208 1238 1489 1307 1220 1407 1433 1161 1201 1155 1213 1225 1310 1467 1196 1479 1039 1225 1278 1158 1334 1252 1191 1309 1282 1502 1423 1445 1413 1445 1332 1155 1445 1351 1546 1232 1206 1420 1204 1262 1417 1357 1419 1238 1542 1269 1273 1231 1277 1448 1382 1254 1143 1257 1350 1370 1477 1386 1393
1284 1194 1541 1464 1268 1397 1244 1707 1314 1265 1448 1594 1295 1347 1187 1409 1221 1406 1438 1290 1556 1178 1379 1380 1217 1285 1363 1400 1345 1241 1547 1438 1407 1589 1348 1451 1184 1326 1400 1548 1222 1330 1324 1208 1279 1499 1465 1486 1341 1462 1329 1290 1173 1390 1393 1325 1347 1245 1332 1281 1417 1297 1465 1402
1027 1117 1219 1226 1255 1282 1267 1620 1281 1150 1422 1272 1108 1255 1101 1159 1143 1215 1457 1066 1388 1147 1303 1399 1178 1206 1159 1351 1117 1154 1420 1278 1317 1425 1366 1167 1131 1259 1307 1313 1203 1020 1367 1154 1212 1314 1231 1195 1383 1285 1150 1115 1070 1252 1247 1263 1104 1206 1300 1198 1325 1323 1160 1226
1145 1132 1339 1345 1356 1200 1363 1542 1286 1288 1338 1414 1111 1210 1096 1284 1220 1331 1473 1135 1426 1193 1278 1358 1146 1322 1211 1197 1155 1300 1330 1254 1372 1531 1378 1460 1144 1351 1390 1483 1333 1155 1396 1098 1273 1383 1430 1459 1268 1515 1292 1318 1101 1402 1351 1298 1153 1229 1293 1262 1434 1269 1297 1329
1145 1124 1399 1300 1295 1311 1316 1593 1083 1175 1350 1318 1080 1196 1099 1253 1158 1232 1257 1125 1483 1145 1377 1429 1191 1245 1312 1099 1181 1152 1315 1355 1307 1481 1210 1320 1266 1275 1270 1376 1205 1139 1271 1155 1190 1411 1352 1273 1318 1401 1237 1183 1078 1190 1312 1376 1091 1196 1221 1099 1309 1256 1238 1260
1256 1216 1693 1359 1361 1455 1427 1791 1439 1339 1547 1613 1219 1403 1273 1438 1311 1405 1452 1292 1595 1264 1416 1520 1251 1397 1235 1466 1333 1312 1551 1580 1485 1569 1426 1374 1345 1391 1405 1674 1377 1378 1373 1188 1423 1446 1474 1472 1364 1667 1456 1319 1231 1387 1529 1426 1463 1317 1392 1292 1557 1452 1491 1464
1270 1239 1433 1426 1342 1446 1297 1764 1226 1302 1558 1523 1172 1323 1244 1498 1222 1508 1459 1302 1596 1190 1349 1507 1172 1318 1277 1353 1290 1209 1407 1400 1439 1646 1380 1448 1232 1396 1427 1596 1250 1259 1218 1179 1306 1434 1411 1367 1331 1521 1342 1109 1284 1345 1400 1315 1301 1243 1298 1234 1467 1239 1374 1487
1019 1065 1274 1153 1216 1308 1135 1503 1140 1042 1334 1177 1010 1250 1015 1188 1172 1350 1347 1115 1335 1214 1340 1307 1048 1205 1190 1324 1038 1074 1335 1283 1239 1365 1225 1230 1108 1152 1265 1408 1199 1058 1258 1118 1185 1339 1210 1115 1314 1266 1238 1076 1057 1122 1335 1157 1113 1137 1197 1085 1330 1284 1084 1235
1288 1235 1653 1480 1397 1369 1356 1772 1504 1487 1595 1535 1282 1395 1186 1516 1412 1481 1497 1387 1706 1434 1480 1608 1289 1378 1398 1390 1359 1438 1408 1464 1600 1602 1415 1499 1375 1427 1390 1618 1403 1259 1451 1154 1426 1387 1610 1582 1484 1662 1386 1327 1402 1338 1429 1354 1285 1382 1317 1370 1498 1539 1349 1393
1005 921 1311 1108 1167 1102 998 1339 1118 923 1177 1236 966 1030 899 1146 895 1150 1170 859 1234 897 1146 1106 1030 1054 958 1060 1047 1053 1256 1130 1177 1386 1064 1125 1046 1027 1168 1243 1072 1043 1035 1051 933 1179 1115 1099 1037 1151 1121 882 961 1098 1145 1144 1033 994 956 1059 1164 1054 1149 1166
1195 988 1406 1410 1223 1421 1213 1603 1207 1226 1304 1402 1098 1193 1136 1343 1174 1301 1257 1186 1429 1174 1416 1509 1160 1213 1314 1296 1223 1136 1416 1344 1357 1513 1306 1417 1246 1359 1384 1416 1244 1193 1336 1235 1253 1365 1309 1181 1277 1383 1209 1203 1093 1170 1391 1313 1147 1230 1195 1195 1351 1234 1237 1270
1087 1110 1320 1305 1179 1359 1108 1580 1249 1187 1394 1273 1158 1259 1286 1412 1079 1291 1261 1181 1324 1065 1290 1297 1122 1144 1198 1226 1219 1221 1440 1372 1392 1586 1289 1346 1192 1326 1245 1404 1159 1096 1158 1214 1213 1292 1268 1321 1355 1243 1083 1090 1123 1079 1281 1305 1144 1160 1116 1166 1184 1200 1251 1262
1409 1269 1664 1369 1464 1493 1314 1698 1423 1266 1506 1587 1273 1360 1233 1490 1381 1605 1628 1293 1562 1310 1422 1406 1344 1230 1441 1479 1493 1381 1579 1524 1585 1588 1374 1459 1342 1407 1451 1674 1523 1400 1375 1372 1367 1455 1576 1556 1362 1581 1385 1330 1176 1385 1323 1417 1419 1169 1342 1324 1469 1408 1494 1575
1279 1150 1456 1287 1270 1175 1353 1674 1296 1375 1472 1561 1254 1318 963 1397 1188 1313 1377 1226 1464 1209 1170 1324 1284 1131 1392 1214 1098 1224 1297 1288 1331 1397 1187 1343 1150 1269 1435 1311 1226 1230 1380 1065 1127 1223 1484 1383 1210 1410 1274 1209 1173 1249 1127 1343 1129 1164 1092 1275 1395 1292 1350 1235
1064 1023 1339 1250 1209 1224 1262 1551 1299 1227 1356 1318 1069 1149 996 1282 1259 1225 1266 1177 1268 1107 1154 1341 1151 1067 1090 1176 1175 1275 1307 1257 1326 1351 1252 1232 1019 1215 1194 1418 1238 1051 1163 1091 1193 1060 1298 1383 1269 1329 1234 1116 922 1245 1186 1144 1153 1102 1176 1231 1374 1222 1194 1185
1258 1207 1630 1299 1398 1385 1388 1828 1252 1421 1485 1478 1192 1325 1152 1379 1281 1408 1486 1224 1501 1253 1372 1491 1209 1118 1431 1309 1323 1258 1431 1457 1550 1513 1334 1485 1396 1333 1500 1413 1228 1449 1543 1217 1184 1398 1429 1445 1306 1522 1402 1245 1238 1319 1286 1429 1141 1403 1346 1334 1519 1432 1377 1326
1122 1124 1310 1227 1307 1074 1200 1561 1217 1204 1319 1367 1161 1237 1072 1231 1069 1314 1441 1148 1321 1205 1329 1229 1076 1074 1146 1177 1055 1154 1295 1234 1322 1313 1180 1304 1197 1233 1336 1431 1250 1085 1430 1015 1223 1239 1383 1278 1204 1390 1194 1223 1116 1259 1331 1225 1065 1243 1144 1130 1411 1288 1261 1297
1018 1160 1289 1169 1173 1305 1254 1447 1117 1077 1262 1326 1105 1216 1053 1207 1097 1208 1306 1134 1331 1065 1127 1242 1160 1166 1146 1241 1076 1073 1325 1336 1174 1447 1215 1212 1166 1274 1265 1277 1101 988 1091 1108 1089 1232 1256 1116 1173 1234 1176 1076 1069 1165 1292 1239 1058 1067 1169 1091 1280 1198 1152 1165
1103 1106 1367 1276 1347 1169 1340 1654 1184 1313 1493 1294 1241 1334 1178 1285 1189 1212 1395 1219 1400 1164 1408 1303 1126 1092 1258 1239 1110 1059 1242 1387 1481 1426 1183 1291 1074 1200 1364 1399 1181 1224 1375 1105 1301 1234 1363 1265 1264 1378 1208 1126 1069 1268 1259 1313 1019 1299 1233 1087 1399 1339 1253 1205
1108 1038 1401 1206 1186 1219 1209 1464 1189 1200 1397 1300 1065 1166 1056 1264 1034 1138 1196 1046 1397 998 1142 1369 1134 1241 1232 1252 1061 1104 1277 1268 1246 1380 1233 1193 1089 1229 1205 1309 1095 1040 1236 928 1188 1306 1258 1251 1268 1244 1216 1130 1077 1098 1307 1307 1050 1161 1168 1151 1273 1200 1197 1231
1177 1159 1450 1230 1211 1386 1200 1651 1299 1255 1449 1554 1188 1280 1123 1290 1244 1290 1380 1200 1516 1174 1319 1398 1215 1235 1368 1401 1265 1195 1491 1304 1305 1469 1385 1378 1211 1324 1287 1370 1250 1143 1454 1214 1323 1413 1330 1428 1455 1457 1198 1280 1157 1290 1372 1298 1239 1209 1359 1297 1295 1405 1391 1313
1157 1141 1230 1346 1173 1148 1251 1472 1194 1142 1391 1424 1155 1302 1043 1403 1156 1326 1262 1219 1324 1132 1283 1307 1176 1162 1209 1375 1226 1231 1460 1259 1400 1453 1175 1344 1184 1283 1348 1478 1234 1153 1288 1262 1183 1207 1406 1295 1245 1263 1138 1072 1041 1242 1236 1214 1138 1110 1129 1305 1327 1117 1309 1286
1107 1002 1349 1266 1226 1272 1255 1486 1153 1015 1258 1335 1158 1280 989 1094 1078 1192 1253 1179 1304 987 1265 1206 1096 1077 1241 1339 1223 1116 1424 1343 1270 1422 1169 1241 1165 1272 1258 1421 1150 1131 1254 1199 1258 1342 1185 1324 1123 1398 1106 1139 1006 1286 1270 1345 1075 1163 1192 1135 1219 1232 1222 1344
1175 1130 1349 1414 1231 1223 1380 1556 1301 1307 1305 1375 1166 1178 1113 1312 1159 1259 1415 1259 1485 1121 1302 1275 1205 1120 1247 1377 1207 1248 1367 1274 1418 1384 1322 1345 1037 1260 1304 1462 1277 1210 1251 1121 1288 1299 1430 1372 1208 1447 1188 1174 1141 1276 1275 1371 1181 1073 1041 1100 1348 1266 1286 1387
1103 1013 1301 1125 1062 1253 1106 1447 1094 1197 1316 1183 1088 1078 1102 1196 1005 1193 1243 1260 1313 938 1082 1274 941 1057 1111 1102 1100 1072 1379 1278 1377 1285 1206 1267 1103 1152 1236 1457 1110 1150 1230 1084 1126 1178 1219 1255 1154 1446 1181 944 980 1096 1286 1188 1160 1074 1180 1172 1251 1237 1188 1267
1047 1175 1168 1107 1114 1062 1282 1376 1131 1199 1428 1270 1119 1127 1065 1215 1114 1140 1174 1151 1227 1037 1046 1177 1141 900 1176 1149 1089 1181 1266 1142 1155 1201 1097 1145 1150 1144 1028 1149 1147 911 1251 1073 1006 1072 1337 1121 1007 1083 1116 1117 1002 1078 1175 1171 1003 1129 976 1113 1335 1215 1232 1026
1349 1262 1521 1503 1415 1444 1410 1860 1364 1450 1639 1654 1355 1373 1346 1495 1222 1475 1518 1348 1592 1223 1339 1424 1400 1339 1437 1309 1470 1359 1522 1601 1540 1655 1380 1551 1328 1471 1543 1439 1290 1401 1499 1311 1240 1491 1524 1387 1399 1511 1358 1291 1283 1424 1461 1562 1288 1352 1352 1382 1589 1489 1411 1378
1289 1172 1512 1351 1381 1318 1351 1702 1260 1225 1618 1495 1275 1375 1198 1378 1263 1390 1463 1417 1621 1297 1401 1505 1277 1286 1299 1343 1312 1359 1457 1456 1442 1502 1317 1346 1307 1449 1272 1627 1351 1217 1365 1314 1390 1434 1403 1468 1425 1524 1216 1347 1137 1301 1396 1382 1360 1211 1411 1334 1489 1464 1292 1514
1171 1183 1437 1273 1247 1252 1195 1658 1292 1152 1493 1450 1113 1233 1001 1446 1283 1388 1338 1144 1474 1257 1348 1380 1206 1153 1305 1251 1197 1241 1293 1248 1317 1522 1260 1456 1289 1248 1316 1454 1208 1345 1341 1180 1280 1323 1449 1335 1282 1558 1269 1140 1323 1238 1187 1248 1216 1174 1193 1302 1384 1375 1330 1328
1317 1351 1560 1476 1394 1466 1399 1700 1331 1329 1534 1551 1283 1251 1150 1596 1289 1415 1555 1330 1603 1302 1402 1506 1239 1402 1366 1413 1366 1286 1362 1518 1523 1644 1446 1471 1301 1384 1438 1616 1356 1262 1334 1133 1512 1480 1557 1632 1505 1669 1388 1348 1307 1388 1338 1405 1275 1280 1392 1271 1485 1263 1384 1477
1259 1238 1534 1407 1318 1428 1180 1617 1319 1289 1473 1459 1189 1275 1307 1497 1262 1394 1343 1154 1395 1182 1371 1441 1207 1251 1386 1354 1377 1314 1452 1321 1581 1487 1354 1469 1393 1463 1433 1506 1400 1268 1346 1222 1238 1384 1506 1368 1321 1430 1370 1241 1270 1345 1372 1306 1286 1306 1256 1342 1463 1344 1387 1456
941 994 1302 1091 975 1119 984 1336 1059 960 1225 1051 885 1042 928 1168 982 1158 1095 920 1257 1044 1042 1146 1000 1004 978 1070 1081 1058 1122 1156 1086 1225 989 1056 976 1040 977 1259 1101 987 1088 914 1071 1063 1202 1172 1171 1212 1001 964 867 1024 968 1108 1045 1059 1119 1145 1079 1083 1089 1119
1200 1142 1438 1434 1256 1294 1335 1659 1275 1299 1524 1367 1203 1254 1269 1426 1196 1316 1516 1245 1568 1202 1439 1458 1163 1343 1140 1358 1248 1342 1401 1509 1401 1540 1329 1362 1182 1412 1291 1560 1285 1227 1281 1230 1420 1330 1528 1352 1370 1487 1221 1251 1111 1347 1314 1384 1267 1219 1332 1351 1368 1319 1444 1425
1078 930 1232 1105 1106 1124 1033 1507 1077 1075 1248 1271 975 1021 963 1264 988 1207 1140 1088 1244 1029 1086 1168 1040 948 1160 1079 1043 1014 1114 1064 1215 1281 1217 1282 993 1132 1150 1186 1066 1126 1201 936 1171 1163 1229 1245 1188 1128 1117 1106 1024 1053 1082 1073 1141 994 1046 1031 1213 1113 1092 1196
1123 1225 1452 1447 1311 1228 1386 1612 1331 1333 1488 1412 1170 1520 1120 1273 1188 1335 1338 1246 1432 1226 1303 1377 1308 1281 1377 1369 1238 1379 1608 1339 1499 1648 1339 1374 1313 1315 1327 1521 1364 1103 1347 1093 1283 1353 1402 1380 1290 1513 1246 1239 1171 1441 1509 1398 1105 1369 1282 1389 1544 1367 1324 1287
1183 1069 1484 1362 1286 1287 1261 1781 1149 1249 1409 1410 1307 1356 1205 1388 1213 1314 1317 1139 1519 1115 1515 1263 1170 1110 1163 1261 1372 1148 1354 1449 1512 1512 1251 1341 1197 1317 1196 1436 1257 1133 1200 1171 1264 1298 1305 1378 1385 1429 1143 1268 991 1313 1318 1375 1336 1171 1386 1173 1375 1128 1204 1358
1004 1094 1265 1164 1108 1244 1091 1572 953 1218 1265 1221 939 1231 1067 1180 1059 1270 1260 1052 1378 1128 1309 1378 920 1104 1205 1262 961 862 1144 1144 1243 1306 1246 1220 1102 1165 1214 1213 1105 1119 1191 1005 1226 1357 1152 1006 1131 1254 1055 1041 1028 1099 1233 1127 1066 1064 1139 1027 1219 1092 1206 1187
1107 1140 1303 1212 1138 1159 1020 1378 1119 1190 1284 1230 1091 1208 945 1249 1011 1149 1340 1079 1313 1096 1110 1256 1113 1063 1197 1137 1092 1036 1311 1085 1366 1188 1186 1068 1042 1224 1244 1324 1208 1029 1246 925 1150 1162 1300 1320 1206 1402 1103 1047 1113 1084 1015 1136 1085 1023 1066 1196 1178 1158 1144 1225
1005 1158 1466 1174 1216 1216 1112 1572 1110 1151 1263 1386 1031 1227 991 1221 1117 1285 1248 1097 1359 1035 1289 1312 981 1057 1183 1110 1254 1107 1224 1375 1358 1362 1162 1125 1166 1177 1240 1298 1131 1129 1150 1011 1240 1215 1166 1242 1211 1354 1202 1146 1039 1224 1216 1157 1271 1075 1228 1101 1255 1253 1080 1218
1208 1227 1607 1419 1354 1374 1242 1608 1353 1231 1519 1500 1183 1308 1090 1402 1213 1450 1347 1200 1474 1097 1400 1444 1218 1167 1325 1360 1323 1383 1483 1457 1434 1606 1274 1371 1227 1332 1418 1459 1305 1171 1246 1209 1406 1411 1362 1342 1324 1485 1395 1158 1166 1358 1386 1402 1285 1174 1288 1409 1445 1359 1363 1462
1055 1175 1266 1145 1202 1087 1088 1469 1151 1226 1332 1260 1100 1230 1130 1242 1150 1148 1289 1110 1290 1041 1199 1200 1031 1080 1120 1115 1086 1144 1291 1316 1290 1280 1209 1200 1098 1262 1178 1274 1127 1027 1125 1001 1165 1171 1351 1262 1324 1277 1143 1208 1092 1098 1236 1122 1129 1079 1225 1078 1314 1189 1160 1188
1423 1316 1692 1603 1521 1431 1281 1720 1373 1376 1628 1695 1392 1471 1346 1589 1187 1513 1550 1507 1575 1182 1476 1474 1311 1319 1476 1293 1522 1407 1596 1502 1626 1712 1455 1550 1373 1504 1572 1711 1422 1309 1427 1240 1447 1605 1564 1568 1471 1548 1386 1354 1289 1428 1571 1505 1450 1320 1385 1375 1462 1488 1459 1666
1040 1070 1490 1164 1287 1391 1076 1619 1027 1138 1428 1362 1136 1363 1032 1388 1107 1306 1307 1123 1371 1083 1300 1417 1059 1092 1289 1140 1237 1011 1356 1425 1379 1427 1186 1269 1223 1240 1381 1492 1240 1160 1413 1100 1230 1272 1307 1333 1297 1467 1185 1130 1088 1221 1231 1261 1161 1202 1410 1292 1273 1319 1202 1274
1208 1163 1483 1511 1262 1358 1282 1671 1316 1269 1421 1512 1297 1299 1136 1329 1064 1312 1514 1326 1587 1084 1354 1367 1264 1257 1450 1342 1405 1179 1523 1487 1512 1604 1385 1415 1161 1457 1476 1460 1313 1338 1382 1191 1397 1516 1360 1417 1352 1544 1283 1180 1203 1345 1507 1499 1263 1196 1371 1260 1368 1438 1411 1484
1379 1330 1568 1536 1601 1524 1456 1817 1513 1345 1732 1624 1360 1576 1320 1543 1338 1560 1609 1434 1613 1232 1490 1505 1285 1426 1378 1597 1374 1466 1693 1523 1573 1839 1372 1536 1466 1600 1588 1762 1569 1277 1444 1414 1466 1601 1530 1575 1484 1652 1431 1360 1320 1511 1582 1464 1410 1481 1406 1424 1566 1406 1544 1664
1051 883 1270 1239 1112 1199 1172 1504 1194 1101 1212 1195 1035 1007 1083 1197 1125 1244 1292 965 1343 988 1286 1258 1033 1063 1049 1212 1206 1126 1264 1234 1289 1389 1072 1282 1141 1189 1208 1311 1203 1138 1221 1088 1093 1214 1183 1226 1202 1310 1184 1062 975 1149 1213 1190 1106 1094 1188 1123 1254 1190 1151 1301
1312 1303 1740 1496 1445 1500 1482 1919 1437 1439 1566 1585 1234 1451 1214 1506 1364 1472 1562 1424 1638 1212 1483 1556 1315 1242 1377 1475 1301 1407 1620 1474 1540 1703 1544 1565 1355 1510 1588 1635 1393 1432 1477 1401 1426 1580 1540 1592 1497 1636 1508 1291 1359 1434 1503 1546 1390 1392 1398 1461 1516 1543 1506 1589
1278 1038 1408 1379 1212 1338 1212 1681 1326 1244 1515 1481 1207 1261 1095 1333 1140 1369 1415 1204 1521 1107 1336 1363 1284 1184 1279 1284 1288 1200 1414 1373 1363 1477 1286 1484 1145 1324 1333 1375 1191 1307 1309 1170 1345 1298 1343 1311 1367 1430 1362 1226 1207 1284 1393 1291 1163 1403 1327 1267 1361 1308 1319 1369
1273 1370 1497 1465 1293 1426 1226 1673 1249 1208 1457 1522 1247 1276 1152 1465 1280 1444 1441 1435 1599 1288 1398 1524 1206 1303 1386 1324 1313 1261 1561 1416 1480 1503 1347 1535 1252 1356 1332 1700 1248 1328 1408 1210 1390 1504 1593 1531 1416 1651 1323 1139 1256 1364 1360 1378 1294 1106 1364 1397 1386 1332 1394 1449
1212 1162 1480 1408 1304 1311 1411 1709 1320 1255 1524 1503 1244 1189 1115 1394 1162 1339 1464 1253 1519 1223 1368 1316 1317 1251 1333 1317 1262 1364 1415 1426 1452 1638 1307 1456 1355 1345 1324 1459 1279 1248 1411 1219 1363 1414 1504 1403 1275 1500 1268 1311 1188 1385 1318 1463 1219 1248 1281 1316 1400 1286 1340 1299
1101 955 1140 1147 1045 1045 999 1479 986 931 1079 1207 1004 1069 938 1024 849 1153 1223 983 1271 935 1211 1105 988 985 1105 1082 1040 985 1245 1190 1135 1254 1061 1069 1036 1052 1151 1231 1051 1089 1120 989 1018 1189 1220 1125 1103 1260 926 1018 930 1077 1046 1224 1058 942 1029 974 1056 991 1197 1207
1157 1117 1433 1255 1194 1157 1198 1395 1159 1112 1455 1213 1023 1161 1104 1367 1211 1212 1225 1142 1367 1097 1206 1271 1066 1165 1238 1208 1240 1279 1306 1255 1316 1260 1123 1192 1257 1270 1129 1473 1255 1068 1279 1115 1180 1330 1434 1322 1260 1381 1186 1120 1007 1114 1210 1226 1295 992 1013 1217 1277 1257 1214 1360
1408 1374 1613 1520 1491 1504 1482 1860 1353 1320 1820 1712 1452 1554 1222 1533 1245 1555 1697 1454 1768 1285 1421 1392 1498 1389 1475 1482 1454 1349 1674 1617 1611 1724 1400 1496 1332 1414 1538 1636 1460 1409 1514 1403 1474 1558 1543 1542 1505 1684 1358 1314 1341 1575 1480 1632 1380 1355 1405 1502 1583 1411 1475 1542
1033 1256 1207 1402 1189 1321 1250 1454 1216 1169 1229 1426 1072 1111 1112 1236 1124 1267 1277 1086 1247 1180 1153 1293 1184 1197 1174 1220 1212 1134 1391 1309 1190 1409 1174 1214 1023 1355 1277 1319 1204 1044 1228 1122 1216 1285 1318 1290 1228 1272 1207 1185 958 1278 1183 1213 1086 1143 1230 1066 1323 1129 1302 1226
1147 1085 1476 1220 1186 1268 1135 1553 1254 1316 1475 1463 1203 1231 1032 1359 1143 1338 1321 1245 1480 1249 1189 1322 1201 1141 1341 1245 1132 1197 1287 1202 1343 1391 1107 1344 1186 1322 1234 1353 1346 1112 1282 1040 1247 1273 1323 1347 1300 1422 1235 1247 1137 1231 1305 1205 1128 1214 1295 1242 1326 1253 1297 1248
1177 1181 1450 1260 1282 1461 1168 1679 1239 1223 1441 1491 1198 1297 1098 1426 1215 1368 1373 1177 1487 1179 1372 1377 1153 1243 1362 1342 1243 1128 1429 1374 1345 1499 1284 1395 1350 1193 1297 1397 1306 1258 1370 1123 1251 1339 1433 1478 1411 1449 1272 1278 1268 1203 1282 1237 1306 1217 1273 1251 1342 1256 1306 1318
1358 1264 1439 1412 1380 1476 1402 1725 1312 1245 1545 1515 1223 1319 1248 1377 1172 1508 1582 1381 1615 1252 1357 1523 1328 1405 1365 1382 1319 1324 1695 1499 1600 1577 1472 1459 1219 1482 1469 1725 1338 1361 1433 1264 1449 1497 1501 1446 1356 1598 1421 1185 1150 1331 1466 1447 1322 1138 1391 1290 1507 1445 1391 1539
1209 1152 1538 1238 1330 1323 1143 1601 1233 1195 1501 1425 1156 1381 1180 1288 1152 1285 1279 1193 1408 1167 1343 1398 1219 1117 1350 1274 1386 1213 1434 1350 1481 1345 1262 1319 1323 1315 1329 1434 1222 1203 1268 1249 1201 1297 1305 1315 1288 1322 1223 1167 1175 1258 1270 1229 1250 1198 1217 1254 1438 1401 1284 1347
1081 1155 1534 1364 1294 1297 1315 1706 1357 1385 1492 1501 1118 1309 1170 1335 1270 1414 1428 1275 1523 1154 1312 1354 1244 1159 1239 1448 1164 1338 1399 1395 1344 1616 1280 1344 1256 1341 1256 1391 1325 1208 1290 1177 1370 1372 1393 1385 1316 1407 1210 1338 1183 1375 1459 1328 1149 1329 1286 1267 1330 1340 1419 1344
1493 1392 1755 1555 1369 1519 1417 1873 1376 1519 1748 1606 1383 1405 1351 1579 1280 1624 1670 1377 1788 1388 1390 1505 1371 1458 1541 1483 1498 1450 1654 1662 1637 1734 1423 1598 1409 1507 1562 1675 1483 1519 1653 1258 1462 1586 1745 1585 1474 1804 1456 1418 1346 1482 1455 1572 1349 1451 1386 1548 1641 1529 1717 1527
1301 1207 1536 1432 1373 1420 1306 1709 1255 1330 1386 1581 1220 1400 1158 1384 1181 1355 1419 1324 1495 1265 1400 1509 1271 1351 1350 1299 1241 1263 1516 1360 1383 1645 1315 1447 1327 1388 1482 1601 1328 1227 1349 1126 1265 1454 1453 1393 1296 1543 1332 1280 1168 1402 1415 1410 1240 1335 1326 1370 1451 1299 1430 1350
Algorithm: GEMM Blocking
Result matrix:
1107 1076 1566 1283 1234 1321 1202 1601 1188 1156 1470 1329 1227 1294 1197 1318 1105 1321 1357 1102 1438 1115 1429 1252 1127 1179 1173 1383 1236 1135 1354 1339 1369 1468 1172 1243 1177 1250 1221 1492 1240 1205 1355 1133 1333 1350 1280 1283 1363 1381 1189 1159 1029 1244 1335 1288 1243 1196 1166 1218 1329 1305 1360 1396
973 947 1300 1114 1121 1194 1113 1419 1101 1141 1263 1295 1110 1134 1042 1083 977 1155 1286 1200 1277 1050 1147 1124 1129 957 1347 1118 1119 1048 1223 1233 1246 1306 1105 1235 1107 1254 1153 1268 1149 1025 1231 1028 1212 1149 1125 1096 1018 1278 1021 1191 1001 1169 1337 1256 1034 1070 1136 1065 1223 1275 1152 1140
1178 943 1421 1322 1192 1302 1090 1625 1225 1201 1301 1427 1137 1299 1019 1226 1183 1273 1325 1132 1348 1030 1420 1256 1174 1088 1188 1248 1130 1142 1323 1228 1338 1468 1237 1365 1117 1204 1329 1319 1239 1173 1195 1083 1329 1264 1241 1313 1330 1415 1198 1257 1166 1269 1259 1254 1139 1262 1296 1261 1192 1217 1183 1290
1216 1057 1450 1347 1231 1208 1238 1489 1307 1220 1407 1433 1161 1201 1155 1213 1225 1310 1467 1196 1479 1039 1225 1278 1158 1334 1252 1191 1309 1282 1502 1423 1445 1413 1445 1332 1155 1445 1351 1546 1232 1206 1420 1204 1262 1417 1357 1419 1238 1542 1269 1273 1231 1277 1448 1382 1254 1143 1257 1350 1370 1477 1386 1393
1284 1194 1541 1464 1268 1397 1244 1707 1314 1265 1448 1594 1295 1347 1187 1409 1221 1406 1438 1290 1556 1178 1379 1380 1217 1285 1363 1400 1345 1241 1547 1438 1407 1589 1348 1451 1184 1326 1400 1548 1222 1330 1324 1208 1279 1499 1465 1486 1341 1462 1329 1290 1173 1390 1393 1325 1347 1245 1332 1281 1417 1297 1465 1402
1027 1117 1219 1226 1255 1282 1267 1620 1281 1150 1422 1272 1108 1255 1101 1159 1143 1215 1457 1066 1388 1147 1303 1399 1178 1206 1159 1351 1117 1154 1420 1278 1317 1425 1366 1167 1131 1259 1307 1313 1203 1020 1367 1154 1212 1314 1231 1195 1383 1285 1150 1115 1070 1252 1247 1263 1104 1206 1300 1198 1325 1323 1160 1226
1145 1132 1339 1345 1356 1200 1363 1542 1286 1288 1338 1414 1111 1210 1096 1284 1220 1331 1473 1135 1426 1193 1278 1358 1146 1322 1211 1197 1155 1300 1330 1254 1372 1531 1378 1460 1144 1351 1390 1483 1333 1155 1396 1098 1273 1383 1430 1459 1268 1515 1292 1318 1101 1402 1351 1298 1153 1229 1293 1262 1434 1269 1297 1329
1145 1124 1399 1300 1295 1311 1316 1593 1083 1175 1350 1318 1080 1196 1099 1253 1158 1232 1257 1125 1483 1145 1377 1429 1191 1245 1312 1099 1181 1152 1315 1355 1307 1481 1210 1320 1266 1275 1270 1376 1205 1139 1271 1155 1190 1411 1352 1273 1318 1401 1237 1183 1078 1190 1312 1376 1091 1196 1221 1099 1309 1256 1238 1260
1256 1216 1693 1359 1361 1455 1427 1791 1439 1339 1547 1613 1219 1403 1273 1438 1311 1405 1452 1292 1595 1264 1416 1520 1251 1397 1235 1466 1333 1312 1551 1580 1485 1569 1426 1374 1345 1391 1405 1674 1377 1378 1373 1188 1423 1446 1474 1472 1364 1667 1456 1319 1231 1387 1529 1426 1463 1317 1392 1292 1557 1452 1491 1464
1270 1239 1433 1426 1342 1446 1297 1764 1226 1302 1558 1523 1172 1323 1244 1498 1222 1508 1459 1302 1596 1190 1349 1507 1172 1318 1277 1353 1290 1209 1407 1400 1439 1646 1380 1448 1232 1396 1427 1596 1250 1259 1218 1179 1306 1434 1411 1367 1331 1521 1342 1109 1284 1345 1400 1315 1301 1243 1298 1234 1467 1239 1374 1487
1019 1065 1274 1153 1216 1308 1135 1503 1140 1042 1334 1177 1010 1250 1015 1188 1172 1350 1347 1115 1335 1214 1340 1307 1048 1205 1190 1324 1038 1074 1335 1283 1239 1365 1225 1230 1108 1152 1265 1408 1199 1058 1258 1118 1185 1339 1210 1115 1314 1266 1238 1076 1057 1122 1335 1157 1113 1137 1197 1085 1330 1284 1084 1235
1288 1235 1653 1480 1397 1369 1356 1772 1504 1487 1595 1535 1282 1395 1186 1516 1412 1481 1497 1387 1706 1434 1480 1608 1289 1378 1398 1390 1359 1438 1408 1464 1600 1602 1415 1499 1375 1427 1390 1618 1403 1259 1451 1154 1426 1387 1610 1582 1484 1662 1386 1327 1402 1338 1429 1354 1285 1382 1317 1370 1498 1539 1349 1393
1005 921 1311 1108 1167 1102 998 1339 1118 923 1177 1236 966 1030 899 1146 895 1150 1170 859 1234 897 1146 1106 1030 1054 958 1060 1047 1053 1256 1130 1177 1386 1064 1125 1046 1027 1168 1243 1072 1043 1035 1051 933 1179 1115 1099 1037 1151 1121 882 961 1098 1145 1144 1033 994 956 1059 1164 1054 1149 1166
1195 988 1406 1410 1223 1421 1213 1603 1207 1226 1304 1402 1098 1193 1136 1343 1174 1301 1257 1186 1429 1174 1416 1509 1160 1213 1314 1296 1223 1136 1416 1344 1357 1513 1306 1417 1246 1359 1384 1416 1244 1193 1336 1235 1253 1365 1309 1181 1277 1383 1209 1203 1093 1170 1391 1313 1147 1230 1195 1195 1351 1234 1237 1270
1087 1110 1320 1305 1179 1359 1108 1580 1249 1187 1394 1273 1158 1259 1286 1412 1079 1291 1261 1181 1324 1065 1290 1297 1122 1144 1198 1226 1219 1221 1440 1372 1392 1586 1289 1346 1192 1326 1245 1404 1159 1096 1158 1214 1213 1292 1268 1321 1355 1243 1083 1090 1123 1079 1281 1305 1144 1160 1116 1166 1184 1200 1251 1262
1409 1269 1664 1369 1464 1493 1314 1698 1423 1266 1506 1587 1273 1360 1233 1490 1381 1605 1628 1293 1562 1310 1422 1406 1344 1230 1441 1479 1493 1381 1579 1524 1585 1588 1374 1459 1342 1407 1451 1674 1523 1400 1375 1372 1367 1455 1576 1556 1362 1581 1385 1330 1176 1385 1323 1417 1419 1169 1342 1324 1469 1408 1494 1575
1279 1150 1456 1287 1270 1175 1353 1674 1296 1375 1472 1561 1254 1318 963 1397 1188 1313 1377 1226 1464 1209 1170 1324 1284 1131 1392 1214 1098 1224 1297 1288 1331 1397 1187 1343 1150 1269 1435 1311 1226 1230 1380 1065 1127 1223 1484 1383 1210 1410 1274 1209 1173 1249 1127 1343 1129 1164 1092 1275 1395 1292 1350 1235
1064 1023 1339 1250 1209 1224 1262 1551 1299 1227 1356 1318 1069 1149 996 1282 1259 1225 1266 1177 1268 1107 1154 1341 1151 1067 1090 1176 1175 1275 1307 1257 1326 1351 1252 1232 1019 1215 1194 1418 1238 1051 1163 1091 1193 1060 1298 1383 1269 1329 1234 1116 922 1245 1186 1144 1153 1102 1176 1231 1374 1222 1194 1185
1258 1207 1630 1299 1398 1385 1388 1828 1252 1421 1485 1478 1192 1325 1152 1379 1281 1408 1486 1224 1501 1253 1372 1491 1209 1118 1431 1309 1323 1258 1431 1457 1550 1513 1334 1485 1396 1333 1500 1413 1228 1449 1543 1217 1184 1398 1429 1445 1306 1522 1402 1245 1238 1319 1286 1429 1141 1403 1346 1334 1519 1432 1377 1326
1122 1124 1310 1227 1307 1074 1200 1561 1217 1204 1319 1367 1161 1237 1072 1231 1069 1314 1441 1148 1321 1205 1329 1229 1076 1074 1146 1177 1055 1154 1295 1234 1322 1313 1180 1304 1197 1233 1336 1431 1250 1085 1430 1015 1223 1239 1383 1278 1204 1390 1194 1223 1116 1259 1331 1225 1065 1243 1144 1130 1411 1288 1261 1297
1018 1160 1289 1169 1173 1305 1254 1447 1117 1077 1262 1326 1105 1216 1053 1207 1097 1208 1306 1134 1331 1065 1127 1242 1160 1166 1146 1241 1076 1073 1325 1336 1174 1447 1215 1212 1166 1274 1265 1277 1101 988 1091 1108 1089 1232 1256 1116 1173 1234 1176 1076 1069 1165 1292 1239 1058 1067 1169 1091 1280 1198 1152 1165
1103 1106 1367 1276 1347 1169 1340 1654 1184 1313 1493 1294 1241 1334 1178 1285 1189 1212 1395 1219 1400 1164 1408 1303 1126 1092 1258 1239 1110 1059 1242 1387 1481 1426 1183 1291 1074 1200 1364 1399 1181 1224 1375 1105 1301 1234 1363 1265 1264 1378 1208 1126 1069 1268 1259 1313 1019 1299 1233 1087 1399 1339 1253 1205
1108 1038 1401 1206 1186 1219 1209 1464 1189 1200 1397 1300 1065 1166 1056 1264 1034 1138 1196 1046 1397 998 1142 1369 1134 1241 1232 1252 1061 1104 1277 1268 1246 1380 1233 1193 1089 1229 1205 1309 1095 1040 1236 928 1188 1306 1258 1251 1268 1244 1216 1130 1077 1098 1307 1307 1050 1161 1168 1151 1273 1200 1197 1231
1177 1159 1450 1230 1211 1386 1200 1651 1299 1255 1449 1554 1188 1280 1123 1290 1244 1290 1380 1200 1516 1174 1319 1398 1215 1235 1368 1401 1265 1195 1491 1304 1305 1469 1385 1378 1211 1324 1287 1370 1250 1143 1454 1214 1323 1413 1330 1428 1455 1457 1198 1280 1157 1290 1372 1298 1239 1209 1359 1297 1295 1405 1391 1313
1157 1141 1230 1346 1173 1148 1251 1472 1194 1142 1391 1424 1155 1302 1043 1403 1156 1326 1262 1219 1324 1132 1283 1307 1176 1162 1209 1375 1226 1231 1460 1259 1400 1453 1175 1344 1184 1283 1348 1478 1234 1153 1288 1262 1183 1207 1406 1295 1245 1263 1138 1072 1041 1242 1236 1214 1138 1110 1129 1305 1327 1117 1309 1286
1107 1002 1349 1266 1226 1272 1255 1486 1153 1015 1258 1335 1158 1280 989 1094 1078 1192 1253 1179 1304 987 1265 1206 1096 1077 1241 1339 1223 1116 1424 1343 1270 1422 1169 1241 1165 1272 1258 1421 1150 1131 1254 1199 1258 1342 1185 1324 1123 1398 1106 1139 1006 1286 1270 1345 1075 1163 1192 1135 1219 1232 1222 1344
1175 1130 1349 1414 1231 1223 1380 1556 1301 1307 1305 1375 1166 1178 1113 1312 1159 1259 1415 1259 1485 1121 1302 1275 1205 1120 1247 1377 1207 1248 1367 1274 1418 1384 1322 1345 1037 1260 1304 1462 1277 1210 1251 1121 1288 1299 1430 1372 1208 1447 1188 1174 1141 1276 1275 1371 1181 1073 1041 1100 1348 1266 1286 1387
1103 1013 1301 1125 1062 1253 1106 1447 1094 1197 1316 1183 1088 1078 1102 1196 1005 1193 1243 1260 1313 938 1082 1274 941 1057 1111 1102 1100 1072 1379 1278 1377 1285 1206 1267 1103 1152 1236 1457 1110 1150 1230 1084 1126 1178 1219 1255 1154 1446 1181 944 980 1096 1286 1188 1160 1074 1180 1172 1251 1237 1188 1267
1047 1175 1168 1107 1114 1062 1282 1376 1131 1199 1428 1270 1119 1127 1065 1215 1114 1140 1174 1151 1227 1037 1046 1177 1141 900 1176 1149 1089 1181 1266 1142 1155 1201 1097 1145 1150 1144 1028 1149 1147 911 1251 1073 1006 1072 1337 1121 1007 1083 1116 1117 1002 1078 1175 1171 1003 1129 976 1113 1335 1215 1232 1026
1349 1262 1521 1503 1415 1444 1410 1860 1364 1450 1639 1654 1355 1373 1346 1495 1222 1475 1518 1348 1592 1223 1339 1424 1400 1339 1437 1309 1470 1359 1522 1601 1540 1655 1380 1551 1328 1471 1543 1439 1290 1401 1499 1311 1240 1491 1524 1387 1399 1511 1358 1291 1283 1424 1461 1562 1288 1352 1352 1382 1589 1489 1411 1378
1289 1172 1512 1351 1381 1318 1351 1702 1260 1225 1618 1495 1275 1375 1198 1378 1263 1390 1463 1417 1621 1297 1401 1505 1277 1286 1299 1343 1312 1359 1457 1456 1442 1502 1317 1346 1307 1449 1272 1627 1351 1217 1365 1314 1390 1434 1403 1468 1425 1524 1216 1347 1137 1301 1396 1382 1360 1211 1411 1334 1489 1464 1292 1514
1171 1183 1437 1273 1247 1252 1195 1658 1292 1152 1493 1450 1113 1233 1001 1446 1283 1388 1338 1144 1474 1257 1348 1380 1206 1153 1305 1251 1197 1241 1293 1248 1317 1522 1260 1456 1289 1248 1316 1454 1208 1345 1341 1180 1280 1323 1449 1335 1282 1558 1269 1140 1323 1238 1187 1248 1216 1174 1193 1302 1384 1375 1330 1328
1317 1351 1560 1476 1394 1466 1399 1700 1331 1329 1534 1551 1283 1251 1150 1596 1289 1415 1555 1330 1603 1302 1402 1506 1239 1402 1366 1413 1366 1286 1362 1518 1523 1644 1446 1471 1301 1384 1438 1616 1356 1262 1334 1133 1512 1480 1557 1632 1505 1669 1388 1348 1307 1388 1338 1405 1275 1280 1392 1271 1485 1263 1384 1477
1259 1238 1534 1407 1318 1428 1180 1617 1319 1289 1473 1459 1189 1275 1307 1497 1262 1394 1343 1154 1395 1182 1371 1441 1207 1251 1386 1354 1377 1314 1452 1321 1581 1487 1354 1469 1393 1463 1433 1506 1400 1268 1346 1222 1238 1384 1506 1368 1321 1430 1370 1241 1270 1345 1372 1306 1286 1306 1256 1342 1463 1344 1387 1456
941 994 1302 1091 975 1119 984 1336 1059 960 1225 1051 885 1042 928 1168 982 1158 1095 920 1257 1044 1042 1146 1000 1004 978 1070 1081 1058 1122 1156 1086 1225 989 1056 976 1040 977 1259 1101 987 1088 914 1071 1063 1202 1172 1171 1212 1001 964 867 1024 968 1108 1045 1059 1119 1145 1079 1083 1089 1119
1200 1142 1438 1434 1256 1294 1335 1659 1275 1299 1524 1367 1203 1254 1269 1426 1196 1316 1516 1245 1568 1202 1439 1458 1163 1343 1140 1358 1248 1342 1401 1509 1401 1540 1329 1362 1182 1412 1291 1560 1285 1227 1281 1230 1420 1330 1528 1352 1370 1487 1221 1251 1111 1347 1314 1384 1267 1219 1332 1351 1368 1319 1444 1425
1078 930 1232 1105 1106 1124 1033 1507 1077 1075 1248 1271 975 1021 963 1264 988 1207 1140 1088 1244 1029 1086 1168 1040 948 1160 1079 1043 1014 1114 1064 1215 1281 1217 1282 993 1132 1150 1186 1066 1126 1201 936 1171 1163 1229 1245 1188 1128 1117 1106 1024 1053 1082 1073 1141 994 1046 1031 1213 1113 1092 1196
1123 1225 1452 1447 1311 1228 1386 1612 1331 1333 1488 1412 1170 1520 1120 1273 1188 1335 1338 1246 1432 1226 1303 1377 1308 1281 1377 1369 1238 1379 1608 1339 1499 1648 1339 1374 1313 1315 1327 1521 1364 1103 1347 1093 1283 1353 1402 1380 1290 1513 1246 1239 1171 1441 1509 1398 1105 1369 1282 1389 1544 1367 1324 1287
1183 1069 1484 1362 1286 1287 1261 1781 1149 1249 1409 1410 1307 1356 1205 1388 1213 1314 1317 1139 1519 1115 1515 1263 1170 1110 1163 1261 1372 1148 1354 1449 1512 1512 1251 1341 1197 1317 1196 1436 1257 1133 1200 1171 1264 1298 1305 1378 1385 1429 1143 1268 991 1313 1318 1375 1336 1171 1386 1173 1375 1128 1204 1358
1004 1094 1265 1164 1108 1244 1091 1572 953 1218 1265 1221 939 1231 1067 1180 1059 1270 1260 1052 1378 1128 1309 1378 920 1104 1205 1262 961 862 1144 1144 1243 1306 1246 1220 1102 1165 1214 1213 1105 1119 1191 1005 1226 1357 1152 1006 1131 1254 1055 1041 1028 1099 1233 1127 1066 1064 1139 1027 1219 1092 1206 1187
1107 1140 1303 1212 1138 1159 1020 1378 1119 1190 1284 1230 1091 1208 945 1249 1011 1149 1340 1079 1313 1096 1110 1256 1113 1063 1197 1137 1092 1036 1311 1085 1366 1188 1186 1068 1042 1224 1244 1324 1208 1029 1246 925 1150 1162 1300 1320 1206 1402 1103 1047 1113 1084 1015 1136 1085 1023 1066 1196 1178 1158 1144 1225
1005 1158 1466 1174 1216 1216 1112 1572 1110 1151 1263 1386 1031 1227 991 1221 1117 1285 1248 1097 1359 1035 1289 1312 981 1057 1183 1110 1254 1107 1224 1375 1358 1362 1162 1125 1166 1177 1240 1298 1131 1129 1150 1011 1240 1215 1166 1242 1211 1354 1202 1146 1039 1224 1216 1157 1271 1075 1228 1101 1255 1253 1080 1218
1208 1227 1607 1419 1354 1374 1242 1608 1353 1231 1519 1500 1183 1308 1090 1402 1213 1450 1347 1200 1474 1097 1400 1444 1218 1167 1325 1360 1323 1383 1483 1457 1434 1606 1274 1371 1227 1332 1418 1459 1305 1171 1246 1209 1406 1411 1362 1342 1324 1485 1395 1158 1166 1358 1386 1402 1285 1174 1288 1409 1445 1359 1363 1462
1055 1175 1266 1145 1202 1087 1088 1469 1151 1226 1332 1260 1100 1230 1130 1242 1150 1148 1289 1110 1290 1041 1199 1200 1031 1080 1120 1115 1086 1144 1291 1316 1290 1280 1209 1200 1098 1262 1178 1274 1127 1027 1125 1001 1165 1171 1351 1262 1324 1277 1143 1208 1092 1098 1236 1122 1129 1079 1225 1078 1314 1189 1160 1188
1423 1316 1692 1603 1521 1431 1281 1720 1373 1376 1628 1695 1392 1471 1346 1589 1187 1513 1550 1507 1575 1182 1476 1474 1311 1319 1476 1293 1522 1407 1596 1502 1626 1712 1455 1550 1373 1504 1572 1711 1422 1309 1427 1240 1447 1605 1564 1568 1471 1548 1386 1354 1289 1428 1571 1505 1450 1320 1385 1375 1462 1488 1459 1666
1040 1070 1490 1164 1287 1391 1076 1619 1027 1138 1428 1362 1136 1363 1032 1388 1107 1306 1307 1123 1371 1083 1300 1417 1059 1092 1289 1140 1237 1011 1356 1425 1379 1427 1186 1269 1223 1240 1381 1492 1240 1160 1413 1100 1230 1272 1307 1333 1297 1467 1185 1130 1088 1221 1231 1261 1161 1202 1410 1292 1273 1319 1202 1274
1208 1163 1483 1511 1262 1358 1282 1671 1316 1269 1421 1512 1297 1299 1136 1329 1064 1312 1514 1326 1587 1084 1354 1367 1264 1257 1450 1342 1405 1179 1523 1487 1512 1604 1385 1415 1161 1457 1476 1460 1313 1338 1382 1191 1397 1516 1360 1417 1352 1544 1283 1180 1203 1345 1507 1499 1263 1196 1371 1260 1368 1438 1411 1484
1379 1330 1568 1536 1601 1524 1456 1817 1513 1345 1732 1624 1360 1576 1320 1543 1338 1560 1609 1434 1613 1232 1490 1505 1285 1426 1378 1597 1374 1466 1693 1523 1573 1839 1372 1536 1466 1600 1588 1762 1569 1277 1444 1414 1466 1601 1530 1575 1484 1652 1431 1360 1320 1511 1582 1464 1410 1481 1406 1424 1566 1406 1544 1664
1051 883 1270 1239 1112 1199 1172 1504 1194 1101 1212 1195 1035 1007 1083 1197 1125 1244 1292 965 1343 988 1286 1258 1033 1063 1049 1212 1206 1126 1264 1234 1289 1389 1072 1282 1141 1189 1208 1311 1203 1138 1221 1088 1093 1214 1183 1226 1202 1310 1184 1062 975 1149 1213 1190 1106 1094 1188 1123 1254 1190 1151 1301
1312 1303 1740 1496 1445 1500 1482 1919 1437 1439 1566 1585 1234 1451 1214 1506 1364 1472 1562 1424 1638 1212 1483 1556 1315 1242 1377 1475 1301 1407 1620 1474 1540 1703 1544 1565 1355 1510 1588 1635 1393 1432 1477 1401 1426 1580 1540 1592 1497 1636 1508 1291 1359 1434 1503 1546 1390 1392 1398 1461 1516 1543 1506 1589
1278 1038 1408 1379 1212 1338 1212 1681 1326 1244 1515 1481 1207 1261 1095 1333 1140 1369 1415 1204 1521 1107 1336 1363 1284 1184 1279 1284 1288 1200 1414 1373 1363 1477 1286 1484 1145 1324 1333 1375 1191 1307 1309 1170 1345 1298 1343 1311 1367 1430 1362 1226 1207 1284 1393 1291 1163 1403 1327 1267 1361 1308 1319 1369
1273 1370 1497 1465 1293 1426 1226 1673 1249 1208 1457 1522 1247 1276 1152 1465 1280 1444 1441 1435 1599 1288 1398 1524 1206 1303 1386 1324 1313 1261 1561 1416 1480 1503 1347 1535 1252 1356 1332 1700 1248 1328 1408 1210 1390 1504 1593 1531 1416 1651 1323 1139 1256 1364 1360 1378 1294 1106 1364 1397 1386 1332 1394 1449
1212 1162 1480 1408 1304 1311 1411 1709 1320 1255 1524 1503 1244 1189 1115 1394 1162 1339 1464 1253 1519 1223 1368 1316 1317 1251 1333 1317 1262 1364 1415 1426 1452 1638 1307 1456 1355 1345 1324 1459 1279 1248 1411 1219 1363 1414 1504 1403 1275 1500 1268 1311 1188 1385 1318 1463 1219 1248 1281 1316 1400 1286 1340 1299
1101 955 1140 1147 1045 1045 999 1479 986 931 1079 1207 1004 1069 938 1024 849 1153 1223 983 1271 935 1211 1105 988 985 1105 1082 1040 985 1245 1190 1135 1254 1061 1069 1036 1052 1151 1231 1051 1089 1120 989 1018 1189 1220 1125 1103 1260 926 1018 930 1077 1046 1224 1058 942 1029 974 1056 991 1197 1207
1157 1117 1433 1255 1194 1157 1198 1395 1159 1112 1455 1213 1023 1161 1104 1367 1211 1212 1225 1142 1367 1097 1206 1271 1066 1165 1238 1208 1240 1279 1306 1255 1316 1260 1123 1192 1257 1270 1129 1473 1255 1068 1279 1115 1180 1330 1434 1322 1260 1381 1186 1120 1007 1114 1210 1226 1295 992 1013 1217 1277 1257 1214 1360
1408 1374 1613 1520 1491 1504 1482 1860 1353 1320 1820 1712 1452 1554 1222 1533 1245 1555 1697 1454 1768 1285 1421 1392 1498 1389 1475 1482 1454 1349 1674 1617 1611 1724 1400 1496 1332 1414 1538 1636 1460 1409 1514 1403 1474 1558 1543 1542 1505 1684 1358 1314 1341 1575 1480 1632 1380 1355 1405 1502 1583 1411 1475 1542
1033 1256 1207 1402 1189 1321 1250 1454 1216 1169 1229 1426 1072 1111 1112 1236 1124 1267 1277 1086 1247 1180 1153 1293 1184 1197 1174 1220 1212 1134 1391 1309 1190 1409 1174 1214 1023 1355 1277 1319 1204 1044 1228 1122 1216 1285 1318 1290 1228 1272 1207 1185 958 1278 1183 1213 1086 1143 1230 1066 1323 1129 1302 1226
1147 1085 1476 1220 1186 1268 1135 1553 1254 1316 1475 1463 1203 1231 1032 1359 1143 1338 1321 1245 1480 1249 1189 1322 1201 1141 1341 1245 1132 1197 1287 1202 1343 1391 1107 1344 1186 1322 1234 1353 1346 1112 1282 1040 1247 1273 1323 1347 1300 1422 1235 1247 1137 1231 1305 1205 1128 1214 1295 1242 1326 1253 1297 1248
1177 1181 1450 1260 1282 1461 1168 1679 1239 1223 1441 1491 1198 1297 1098 1426 1215 1368 1373 1177 1487 1179 1372 1377 1153 1243 1362 1342 1243 1128 1429 1374 1345 1499 1284 1395 1350 1193 1297 1397 1306 1258 1370 1123 1251 1339 1433 1478 1411 1449 1272 1278 1268 1203 1282 1237 1306 1217 1273 1251 1342 1256 1306 1318
1358 1264 1439 1412 1380 1476 1402 1725 1312 1245 1545 1515 1223 1319 1248 1377 1172 1508 1582 1381 1615 1252 1357 1523 1328 1405 1365 1382 1319 1324 1695 1499 1600 1577 1472 1459 1219 1482 1469 1725 1338 1361 1433 1264 1449 1497 1501 1446 1356 1598 1421 1185 1150 1331 1466 1447 1322 1138 1391 1290 1507 1445 1391 1539
1209 1152 1538 1238 1330 1323 1143 1601 1233 1195 1501 1425 1156 1381 1180 1288 1152 1285 1279 1193 1408 1167 1343 1398 1219 1117 1350 1274 1386 1213 1434 1350 1481 1345 1262 1319 1323 1315 1329 1434 1222 1203 1268 1249 1201 1297 1305 1315 1288 1322 1223 1167 1175 1258 1270 1229 1250 1198 1217 1254 1438 1401 1284 1347
1081 1155 1534 1364 1294 1297 1315 1706 1357 1385 1492 1501 1118 1309 1170 1335 1270 1414 1428 1275 1523 1154 1312 1354 1244 1159 1239 1448 1164 1338 1399 1395 1344 1616 1280 1344 1256 1341 1256 1391 1325 1208 1290 1177 1370 1372 1393 1385 1316 1407 1210 1338 1183 1375 1459 1328 1149 1329 1286 1267 1330 1340 1419 1344
1493 1392 1755 1555 1369 1519 1417 1873 1376 1519 1748 1606 1383 1405 1351 1579 1280 1624 1670 1377 1788 1388 1390 1505 1371 1458 1541 1483 1498 1450 1654 1662 1637 1734 1423 1598 1409 1507 1562 1675 1483 1519 1653 1258 1462 1586 1745 1585 1474 1804 1456 1418 1346 1482 1455 1572 1349 1451 1386 1548 1641 1529 1717 1527
1301 1207 1536 1432 1373 1420 1306 1709 1255 1330 1386 1581 1220 1400 1158 1384 1181 1355 1419 1324 1495 1265 1400 1509 1271 1351 1350 1299 1241 1263 1516 1360 1383 1645 1315 1447 1327 1388 1482 1601 1328 1227 1349 1126 1265 1454 1453 1393 1296 1543 1332 1280 1168 1402 1415 1410 1240 1335 1326 1370 1451 1299 1430 1350
