Algorithm: GEMM Simple
Result matrix:
321 240 266 327 228 262 328 215 272 268 333 263 320 367 311 283
403 292 376 448 294 354 367 285 305 432 397 335 367 455 410 383
279 263 303 280 268 266 313 240 290 290 275 321 330 367 309 296
416 309 384 419 299 310 354 369 292 406 345 400 344 505 363 398
377 306 377 397 317 342 343 301 290 412 320 316 330 476 402 298
311 221 295 279 261 249 291 295 225 344 232 275 254 453 294 325
255 207 251 240 220 200 241 268 173 284 245 175 181 326 288 224
388 279 312 364 236 344 330 265 294 343 365 348 346 449 359 323
274 210 242 293 174 211 277 222 225 256 301 248 278 361 266 341
447 318 412 505 279 341 366 392 374 420 430 453 438 532 419 365
353 287 392 322 273 274 340 339 260 320 353 355 321 456 394 179
361 276 395 332 307 325 361 311 285 375 331 357 355 481 390 316
398 300 447 367 285 347 383 370 265 391 416 401 351 479 429 305
346 268 357 377 281 278 339 285 305 368 305 384 360 539 373 377
374 233 318 343 236 199 345 284 223 300 315 321 313 425 286 301
355 217 247 385 165 226 247 255 231 317 305 289 301 337 253 330
Algorithm: GEMM Blocking
Result matrix:
321 240 266 327 228 262 328 215 272 268 333 263 320 367 311 283
403 292 376 448 294 354 367 285 305 432 397 335 367 455 410 383
279 263 303 280 268 266 313 240 290 290 275 321 330 367 309 296
416 309 384 419 299 310 354 369 292 406 345 400 344 505 363 398
377 306 377 397 317 342 343 301 290 412 320 316 330 476 402 298
311 221 295 279 261 249 291 295 225 344 232 275 254 453 294 325
255 207 251 240 220 200 241 268 173 284 245 175 181 326 288 224
388 279 312 364 236 344 330 265 294 343 365 348 346 449 359 323
274 210 242 293 174 211 277 222 225 256 301 248 278 361 266 341
447 318 412 505 279 341 366 392 374 420 430 453 438 532 419 365
353 287 392 322 273 274 340 339 260 320 353 355 321 456 394 179
361 276 395 332 307 325 361 311 285 375 331 357 355 481 390 316
398 300 447 367 285 347 383 370 265 391 416 401 351 479 429 305
346 268 357 377 281 278 339 285 305 368 305 384 360 539 373 377
374 233 318 343 236 199 345 284 223 300 315 321 313 425 286 301
355 217 247 385 165 226 247 255 231 317 305 289 301 337 253 330
